 Aspect_ratio  uniformity  Elongation  solidity  avg_intensity  Mahalanobis            p
       1.4742    0.000275     0.32396   0.98535       0.047790     1.446652 6.946366e-01
       1.5257    0.000075     0.36116   0.98152       0.024160     1.769107 6.216806e-01
       1.5725    0.000038     0.38998   0.97755       0.011897     2.258160 5.205837e-01
       1.4597    0.000066     0.35376   0.97566       0.015950     2.178677 5.361606e-01
       1.7707    0.000024     0.44462   0.97698       0.007938     2.491353 4.768559e-01
       1.4892    0.000025     0.34284   0.98755       0.010487     2.755561 4.308676e-01
       1.7529    0.000041     0.44458   0.97964       0.018375     1.775175 6.203521e-01
       1.6215    0.000147     0.39222   0.98512       0.024875     1.485541 6.856115e-01
       1.8199    0.000033     0.45693   0.98240       0.007245     2.689637 4.419913e-01
       2.3906    0.000028     0.58336   0.97683       0.007010     3.582221 3.102538e-01
       1.4927    0.000032     0.34116   0.98296       0.005768     3.141194 3.703640e-01
       1.6934    0.000139     0.43387   0.98181       0.013677     2.275402 5.172496e-01
       2.7582    0.000239     0.64257   0.98346       0.029712     3.192824 3.628402e-01
       2.4994    0.000083     0.60323   0.98300       0.018887     3.038920 3.856633e-01
       2.2927    0.000202     0.56667   0.98732       0.029272     2.169770 5.379273e-01
       2.0090    0.000199     0.51464   0.98691       0.030348     1.599017 6.596126e-01
       2.5247    0.000125     0.61648   0.97870       0.023090     2.934549 4.018270e-01
       2.2038    0.000277     0.56218   0.97835       0.032722     1.918486 5.894964e-01
       1.9548    0.000149     0.48920   0.98622       0.020258     1.947799 5.833117e-01
       2.2979    0.000243     0.57815   0.97389       0.028461     2.194423 5.330477e-01
       2.8973    0.000256     0.65828   0.98182       0.023606     3.986102 2.629688e-01
       1.8600    0.000655     0.46549   0.99039       0.062798     1.155343 7.637337e-01
       1.2099    0.000405     0.36317   0.92110       0.089301     3.885368 2.741113e-01
       1.2065    0.000036     0.32559   0.94952       0.021815     2.203279 5.313028e-01
       1.0991    0.000121     0.33117   0.92405       0.054687     2.830690 4.184726e-01
       1.2510    0.000086     0.38111   0.94226       0.031587     1.283559 7.330409e-01
       1.1435    0.000185     0.38460   0.90355       0.057506     1.817912 6.110448e-01
       1.0066    0.000162     0.29593   0.91585       0.054635     3.154241 3.684501e-01
       1.0646    0.000230     0.34460   0.90487       0.062450     2.438867 4.864405e-01
       1.0427    0.000052     0.35318   0.89086       0.026348     1.963048 5.801115e-01
       1.1632    0.000155     0.37528   0.91639       0.058401     2.241619 5.237973e-01
       1.0840    0.000065     0.32592   0.92056       0.042051     2.472879 4.802124e-01
       1.1191    0.000910     0.17272   0.96806       0.073063     5.268698 1.531465e-01
       1.3298    0.000442     0.28360   0.96952       0.047220     1.740599 6.279458e-01
       1.5069    0.000474     0.40827   0.94518       0.038113     1.177401 7.584294e-01
       1.3004    0.000299     0.31556   0.93324       0.030897     1.824807 6.095516e-01
       1.3166    0.000204     0.28616   0.97053       0.020413     2.732267 4.347717e-01
       1.5529    0.000268     0.38804   0.95593       0.020679     1.847751 6.045994e-01
       1.1286    0.000158     0.17039   0.96405       0.025409     5.279417 1.524436e-01
       1.2503    0.000488     0.23254   0.97337       0.048541     2.749180 4.319343e-01
       1.8096    0.000228     0.63151   0.83923       0.045468     1.239981 7.434320e-01
       1.7360    0.000258     0.58345   0.83383       0.035786     0.966507 8.093556e-01
       1.8803    0.000201     0.62039   0.82443       0.039518     1.119951 7.722602e-01
       2.4151    0.000372     0.72980   0.81793       0.048722     2.422373 4.894836e-01
       2.2220    0.000284     0.65580   0.82432       0.059981     1.506352 6.808051e-01
       2.1139    0.000294     0.69555   0.80873       0.039446     2.176102 5.366709e-01
       2.0494    0.000171     0.64925   0.81682       0.041808     1.387586 7.084472e-01
       2.3898    0.000425     0.67175   0.84434       0.048447     1.505400 6.810247e-01
       1.7740    0.000250     0.63974   0.84990       0.061030     1.865950 6.006896e-01
       1.7434    0.000239     0.62464   0.85754       0.064428     2.033151 5.655546e-01
       1.6657    0.000275     0.59909   0.84493       0.079282     3.211412 3.601639e-01
       1.6035    0.000321     0.60250   0.84981       0.069239     1.723669 6.316845e-01
       1.0544    0.000030     0.72231   0.63754       0.010917     7.835859 4.952866e-02
       1.0544    0.000038     0.62300   0.73625       0.014816     3.978086 2.638402e-01
       1.2115    0.000106     0.68343   0.76364       0.024036     3.791723 2.848503e-01
       1.0419    0.000122     0.51662   0.77201       0.025400     2.285282 5.153464e-01
       1.2067    0.000066     0.70618   0.72175       0.021181     4.772971 1.891964e-01
       1.2323    0.000052     0.60663   0.77037       0.025438     2.499076 4.754581e-01
       1.2291    0.000125     0.69300   0.75574       0.021217     4.281813 2.325974e-01
       1.1032    0.000014     0.52998   0.81654       0.006859     2.909498 4.057903e-01
       1.7011    0.000109     0.53480   0.81465       0.038846     1.144701 7.662954e-01
       1.5634    0.000056     0.53329   0.76697       0.023152     2.288550 5.147179e-01
       1.8134    0.000163     0.54611   0.84406       0.054653     1.247936 7.415316e-01
       1.6637    0.000165     0.49244   0.88620       0.034444     0.484584 9.222650e-01
       1.7986    0.000121     0.55606   0.87745       0.027883     0.911316 8.226963e-01
       1.7418    0.000296     0.49818   0.92748       0.025028     1.436101 6.970947e-01
       2.0659    0.000161     0.55339   0.94868       0.049706     1.331405 7.216895e-01
       1.9999    0.000155     0.52725   0.97215       0.021192     1.989875 5.745108e-01
       1.6421    0.000088     0.47458   0.85777       0.018698     1.318264 7.248007e-01
       1.8572    0.000126     0.51931   0.91339       0.038283     0.640614 8.870750e-01
       6.0596    0.000222     0.83612   0.97628       0.036830     4.871120 1.814813e-01
       6.0229    0.000183     0.83628   0.96522       0.030300     4.682199 1.966030e-01
       6.6280    0.000131     0.84928   0.96861       0.032722     4.920839 1.776864e-01
       5.8308    0.000098     0.82878   0.96489       0.019278     4.912264 1.783355e-01
       6.0269    0.000092     0.83884   0.96027       0.021226     4.837082 1.841230e-01
       6.2904    0.000098     0.84124   0.97085       0.025859     4.938320 1.763698e-01
       6.5173    0.000202     0.84726   0.96846       0.042124     4.869110 1.816363e-01
       5.8719    0.000195     0.82847   0.95488       0.039243     4.118934 2.489045e-01
       6.1273    0.000144     0.84737   0.95274       0.028986     4.590096 2.043933e-01
       6.1763    0.000313     0.83942   0.97837       0.051048     5.052041 1.680258e-01
       7.1420    0.000098     0.86069   0.96683       0.024361     5.297795 1.512456e-01
       1.2059    0.000679     0.34976   0.90378       0.082509     1.625809 6.535520e-01
       1.2780    0.000440     0.32286   0.91793       0.060967     1.420882 7.006472e-01
       1.2733    0.000424     0.31093   0.93409       0.043685     1.498433 6.826321e-01
       1.3232    0.001542     0.40145   0.89009       0.114880     7.903566 4.804731e-02
       1.3920    0.000364     0.41362   0.89752       0.058284     0.545414 9.088068e-01
       1.2759    0.000204     0.36992   0.88831       0.051554     1.621756 6.544670e-01
       1.2825    0.000431     0.38769   0.85341       0.067688     1.629198 6.527876e-01
       1.2195    0.000046     0.27095   0.94433       0.024332     3.142385 3.701888e-01
       1.2165    0.000957     0.37691   0.90161       0.098716     2.355191 5.020302e-01
       1.2199    0.000910     0.32967   0.90459       0.092156     2.567001 4.633040e-01
       1.5285    0.000101     0.46455   0.87291       0.028980     0.848148 8.379194e-01
       1.2902    0.000569     0.32454   0.92080       0.047501     1.731843 6.298778e-01
       1.3539    0.000353     0.35704   0.93647       0.045326     0.781862 8.538002e-01
       1.2821    0.000677     0.39683   0.88375       0.062015     1.078832 7.821864e-01
       1.1374    0.001268     0.38458   0.90736       0.113850     4.401779 2.212204e-01
       1.1876    0.002936     0.36748   0.91542       0.137640    51.414092 3.992695e-11
       1.2438    0.000746     0.39517   0.91092       0.083154     1.071020 7.840742e-01
       1.1782    0.001409     0.32151   0.91803       0.076818    10.068955 1.798899e-02
       1.3700    0.001814     0.42697   0.91457       0.120300    12.704089 5.322257e-03
       1.3442    0.000597     0.34301   0.92980       0.149050    17.782383 4.877226e-04
       1.2499    0.000269     0.30101   0.94477       0.096252     8.585729 3.533737e-02
       1.1294    0.000424     0.25496   0.94201       0.109570    10.328404 1.597128e-02
       1.1366    0.000648     0.22905   0.95565       0.117530     9.299080 2.556774e-02
       1.2769    0.000843     0.31283   0.93889       0.151880    14.145823 2.713235e-03
       1.1127    0.000612     0.27055   0.95426       0.109670     6.777454 7.933971e-02
       1.0471    0.000868     0.23328   0.95176       0.135630    10.610414 1.403030e-02
       1.0573    0.001250     0.26213   0.93923       0.190670    22.173431 6.002929e-05
       1.1116    0.000103     0.65626   0.57724       0.016001     9.473193 2.361826e-02
       1.1111    0.000074     0.63983   0.56623       0.021231     9.655757 2.173081e-02
       1.0950    0.000164     0.68828   0.52398       0.021147    12.131968 6.944498e-03
       1.0656    0.000214     0.63042   0.51223       0.033373    12.690287 5.356577e-03
       1.1316    0.000072     0.60128   0.54301       0.017945    11.571813 9.003589e-03
       1.0470    0.000108     0.60511   0.56524       0.037595     9.669341 2.159645e-02
       1.0870    0.000210     0.68174   0.50961       0.028638    12.663196 5.424580e-03
       1.0965    0.000127     0.65899   0.52833       0.029057    11.433105 9.600283e-03
       1.1270    0.000110     0.67203   0.53024       0.015279    12.077988 7.120725e-03
       1.0656    0.000113     0.69172   0.52330       0.023977    11.813632 8.049625e-03
       1.1117    0.000166     0.67175   0.54701       0.026434    10.463154 1.501294e-02
       1.0811    0.000177     0.67755   0.49042       0.037866    13.574283 3.545809e-03
       1.1191    0.000149     0.70988   0.50678       0.025478    12.748362 5.213629e-03
       1.0405    0.000125     0.69010   0.48549       0.027997    14.037210 2.854939e-03
       1.0960    0.000221     0.68075   0.49446       0.021943    14.222153 2.617843e-03
       1.0118    0.000175     0.63010   0.57134       0.027309     9.296651 2.559602e-02
       2.4765    0.000372     0.61389   0.85810       0.064890     0.836121 8.408092e-01
       2.5959    0.000314     0.63023   0.94977       0.067044     2.255414 5.211162e-01
       1.9848    0.000427     0.50917   0.94180       0.080103     1.668282 6.440083e-01
       2.4734    0.000343     0.60898   0.87869       0.076471     1.998242 5.727717e-01
       2.8218    0.000179     0.66081   0.93335       0.050806     2.029651 5.662754e-01
       2.6184    0.000318     0.63236   0.92868       0.050940     1.206324 7.514880e-01
       2.5638    0.000045     0.62255   0.96226       0.026156     2.443806 4.855323e-01
       2.3499    0.000508     0.60125   0.93713       0.096235     3.760954 2.884606e-01
       2.3151    0.000256     0.58751   0.90716       0.075970     2.753017 4.312926e-01
       2.8883    0.000161     0.66665   0.93026       0.047675     1.984026 5.757288e-01
       2.1732    0.000250     0.57028   0.93013       0.072246     2.437674 4.866601e-01
       2.1845    0.000315     0.56922   0.93969       0.060388     1.042023 7.910852e-01
       1.5041    0.000271     0.33723   0.98803       0.050064     1.389753 7.079383e-01
       1.5437    0.000264     0.36231   0.98616       0.046731     1.080866 7.816949e-01
       1.5603    0.000284     0.38474   0.98701       0.046705     0.889284 8.280131e-01
       1.5319    0.000050     0.34987   0.98479       0.027888     1.929725 5.871199e-01
       1.3612    0.000676     0.28845   0.98738       0.080446     2.104410 5.510211e-01
       1.3105    0.000530     0.26312   0.98535       0.070042     2.325220 5.077066e-01
       1.3743    0.000128     0.28162   0.98646       0.026853     2.553181 4.657567e-01
       1.4925    0.000529     0.34048   0.98262       0.084050     2.333217 5.061872e-01
       1.5016    0.000501     0.34772   0.98776       0.055512     0.929632 8.182716e-01
       1.4507    0.000167     0.33575   0.98510       0.038211     1.583055 6.632381e-01
       1.4024    0.000624     0.31179   0.98529       0.068206     1.380547 7.101009e-01
       1.3988    0.001679     0.30608   0.98301       0.119600    10.051841 1.813057e-02
       1.3574    0.000483     0.28063   0.98631       0.058531     1.729176 6.304669e-01
       2.4550    0.000564     0.61097   0.96979       0.090447     3.280241 3.504022e-01
       2.5213    0.000572     0.61341   0.97227       0.068427     2.038959 5.643601e-01
       2.4570    0.000461     0.61108   0.97034       0.092547     4.296701 2.311568e-01
       2.4132    0.000730     0.60362   0.96618       0.106040     4.178474 2.428259e-01
       1.9723    0.000155     0.51434   0.97407       0.046518     1.354183 7.163088e-01
       2.4862    0.000528     0.62315   0.96188       0.064539     1.942644 5.843962e-01
       2.8087    0.000302     0.65774   0.97091       0.052218     2.504451 4.744871e-01
       3.0366    0.000248     0.69248   0.93952       0.038691     2.451960 4.840356e-01
       2.2534    0.000312     0.57689   0.96488       0.062778     1.677395 6.419711e-01
       2.2045    0.000484     0.55605   0.97701       0.102000     5.192696 1.582187e-01
       2.1000    0.000491     0.54860   0.96929       0.101520     4.844921 1.835114e-01
       2.4038    0.000327     0.59263   0.97688       0.063688     2.052073 5.616694e-01
       1.0384    0.000190     0.48465   0.78118       0.047303     1.949250 5.830065e-01
       1.1928    0.000747     0.47400   0.77564       0.104010     4.421028 2.194435e-01
       1.1232    0.000681     0.46175   0.80214       0.101250     3.783473 2.858144e-01
       1.0880    0.000879     0.51739   0.76380       0.109940     4.650931 1.992162e-01
       1.2341    0.000131     0.44979   0.78820       0.042992     2.329120 5.069652e-01
       1.0738    0.000406     0.52420   0.71586       0.067161     3.583910 3.100412e-01
       1.0751    0.000807     0.55667   0.74395       0.091322     3.585824 3.098004e-01
       1.0767    0.000396     0.47053   0.77952       0.084711     4.094400 2.514494e-01
       1.0836    0.000845     0.49548   0.74434       0.101510     4.595294 2.039461e-01
       1.1176    0.000624     0.58847   0.66502       0.074621     5.223137 1.561684e-01
       2.6950    0.000302     0.63571   0.92994       0.055742     1.336966 7.203745e-01
       2.3423    0.000245     0.58487   0.95943       0.045897     1.298399 7.295133e-01
       2.6380    0.000166     0.62859   0.96692       0.054145     2.566230 4.634407e-01
       2.3863    0.000264     0.59051   0.90564       0.062886     1.223932 7.472702e-01
       3.1174    0.000256     0.70912   0.79489       0.052685     1.629792 6.526537e-01
       2.7054    0.000306     0.64091   0.87687       0.042216     0.794091 8.508799e-01
       2.0997    0.000101     0.53200   0.93580       0.040254     0.929604 8.182785e-01
       2.4056    0.000076     0.59137   0.93186       0.044185     1.538842 6.733352e-01
       2.1277    0.000104     0.53926   0.96257       0.026849     1.453835 6.929655e-01
       2.0417    0.000069     0.52999   0.94477       0.031023     1.113911 7.737170e-01
       3.8162    0.000045     0.74273   0.82566       0.022715     1.929994 5.870631e-01
       2.9367    0.000049     0.66689   0.92543       0.015159     2.697380 4.406727e-01
       1.2435    0.000013     0.33084   0.94147       0.017543     2.350670 5.028835e-01
       1.2296    0.000024     0.34897   0.93189       0.012906     2.349210 5.031592e-01
       1.1599    0.000026     0.47899   0.91562       0.013983     1.939233 5.851143e-01
       1.1574    0.000068     0.42617   0.91741       0.026522     1.159200 7.628056e-01
       1.1876    0.000107     0.48001   0.91247       0.027113     1.104270 7.760435e-01
       1.2441    0.000049     0.50214   0.90049       0.020340     1.484408 6.858736e-01
       1.1419    0.000104     0.30339   0.93305       0.022886     2.374880 4.983278e-01
       1.1084    0.000032     0.25071   0.93529       0.013493     4.012267 2.601426e-01
       1.2254    0.000071     0.41835   0.94269       0.016202     1.754346 6.249198e-01
       1.2020    0.000031     0.47365   0.89373       0.022403     1.292586 7.308943e-01
       1.2354    0.000022     0.44987   0.90929       0.009335     2.104159 5.510718e-01
       1.4683    0.001250     0.35457   0.95880       0.059026     9.642235 2.186538e-02
       1.2955    0.000128     0.25519   0.97441       0.020129     3.283141 3.499960e-01
       1.2035    0.000117     0.19432   0.98319       0.029059     4.507620 2.116116e-01
       1.4266    0.000314     0.29976   0.97470       0.028272     2.210292 5.299239e-01
       1.4853    0.000319     0.33620   0.95562       0.024130     2.123782 5.471166e-01
       1.3430    0.001470     0.29271   0.95055       0.068134    13.486373 3.694594e-03
       1.2107    0.000162     0.20257   0.97104       0.020632     4.483184 2.137952e-01
       1.4870    0.000037     0.33465   0.97307       0.007600     2.968980 3.964326e-01
       1.0944    0.000607     0.17450   0.97545       0.033007     5.968000 1.131775e-01
       1.3078    0.001236     0.25925   0.96727       0.053410    11.260955 1.039533e-02
       1.2496    0.001198     0.22380   0.98317       0.047482    12.187977 6.766203e-03
       1.1460    0.000357     0.20076   0.96876       0.033249     3.925268 2.696477e-01
       1.4597    0.000133     0.33040   0.97406       0.012025     2.760055 4.301179e-01
       1.4686    0.001043     0.43475   0.91337       0.097628     2.344538 5.040423e-01
       1.3808    0.000444     0.37798   0.95035       0.104290     6.122838 1.057845e-01
       1.5600    0.000719     0.49513   0.91036       0.097894     1.904186 5.925294e-01
       1.6330    0.000744     0.49437   0.92597       0.134230     8.447285 3.761794e-02
       1.5852    0.000639     0.41155   0.91036       0.129590     9.456878 2.379456e-02
       1.5389    0.000668     0.42639   0.94648       0.126070     7.686236 5.296148e-02
       1.6027    0.000926     0.44995   0.91357       0.129580     5.655567 1.296245e-01
       1.6643    0.000783     0.49439   0.96016       0.122660     5.540149 1.362569e-01
       1.6380    0.001012     0.43032   0.95417       0.128080     4.986213 1.728095e-01
       1.5028    0.000092     0.34887   0.98280       0.029255     1.735712 6.290237e-01
       1.8420    0.000069     0.48769   0.97383       0.022041     1.635643 6.513354e-01
       1.2516    0.000085     0.23975   0.98020       0.056955     5.407045 1.443053e-01
       1.0375    0.000187     0.10761   0.98386       0.032883     7.030883 7.091990e-02
       1.1577    0.000149     0.16908   0.97886       0.037174     5.242763 1.548598e-01
       1.2708    0.000257     0.24364   0.98173       0.041688     2.753446 4.312210e-01
       1.0698    0.000263     0.13626   0.98017       0.076267     9.187578 2.689815e-02
       1.1415    0.000131     0.15235   0.98536       0.021863     5.839586 1.196809e-01
       2.0754    0.000214     0.55373   0.96281       0.037553     1.273380 7.354638e-01
       1.2486    0.000333     0.21485   0.98704       0.040720     3.243369 3.556028e-01
       1.0732    0.000103     0.14538   0.98155       0.049530     7.193840 6.596946e-02
       1.6903    0.000045     0.47477   0.97153       0.025981     1.533048 6.746642e-01
       1.2540    0.000152     0.20587   0.98883       0.017777     4.497970 2.124714e-01
       1.2751    0.000191     0.30877   0.98770       0.031488     1.872732 5.992370e-01
       1.7370    0.000154     0.42956   0.98956       0.033871     1.177728 7.583508e-01
       1.4779    0.000194     0.32980   0.99388       0.026340     1.896141 5.942401e-01
       1.6549    0.000136     0.40919   0.98964       0.028693     1.361041 7.146918e-01
       1.6924    0.000170     0.41016   0.99256       0.031342     1.255398 7.397505e-01
       1.8730    0.000807     0.49654   0.98047       0.047961     4.198156 2.408465e-01
       1.5763    0.000234     0.38954   0.98731       0.034734     1.087536 7.800839e-01
       1.6520    0.000741     0.40268   0.97695       0.046764     2.814294 4.211522e-01
       1.5303    0.000348     0.42937   0.96802       0.047030     0.519732 9.145355e-01
       1.3617    0.000052     0.26804   0.98949       0.017792     3.293489 3.485499e-01
       3.3475    0.000512     0.70810   0.96212       0.054986     3.262374 3.529139e-01
       2.8852    0.000322     0.67525   0.95738       0.050703     2.461174 4.823487e-01
       2.6796    0.000575     0.62862   0.96381       0.103510     5.075272 1.663676e-01
       2.1536    0.000361     0.53817   0.97880       0.081306     3.000092 3.916110e-01
       2.5654    0.000616     0.61185   0.98179       0.093484     3.582595 3.102068e-01
       2.6668    0.000789     0.63083   0.97894       0.112500     5.427824 1.430198e-01
       2.6955    0.000853     0.62998   0.98275       0.104670     4.425898 2.189960e-01
       2.7289    0.000411     0.64656   0.96685       0.068514     2.517434 4.721486e-01
       2.2436    0.001264     0.56314   0.98425       0.144820     8.204456 4.196990e-02
       2.9198    0.000244     0.65845   0.96861       0.064788     3.232233 3.571865e-01
       2.1410    0.001093     0.54004   0.98483       0.119270     4.694502 1.955836e-01
       3.2220    0.000400     0.69174   0.95791       0.075307     3.417093 3.316752e-01
       1.9512    0.000011     0.49050   0.96800       0.005119     2.739564 4.335457e-01
       2.0014    0.000040     0.50157   0.95570       0.009253     2.224768 5.270863e-01
       2.0052    0.000009     0.49931   0.96585       0.005034     2.732914 4.346629e-01
       1.6378    0.000029     0.38920   0.96660       0.008350     2.419536 4.900084e-01
       1.8903    0.000013     0.47248   0.96435       0.005736     2.542007 4.677472e-01
       1.9016    0.000037     0.47622   0.96505       0.005663     2.632515 4.518178e-01
       2.0918    0.000029     0.51732   0.94510       0.008100     2.215662 5.288700e-01
       1.9126    0.000015     0.47835   0.94904       0.005022     2.426598 4.887025e-01
       1.8186    0.000029     0.45353   0.94929       0.008049     2.126072 5.466562e-01
       1.8570    0.000017     0.46197   0.95012       0.009639     1.974158 5.777876e-01
       1.8829    0.000019     0.46980   0.93066       0.010183     1.758498 6.240076e-01
       2.0600    0.000026     0.51569   0.96800       0.007922     2.623764 4.533387e-01
       1.2166    0.001545     0.27943   0.93462       0.096518    10.265071 1.644225e-02
       1.2066    0.002348     0.25595   0.93945       0.146750    24.433393 2.028063e-05
       1.1011    0.001809     0.20617   0.94995       0.142790    13.223269 4.177829e-03
       1.2318    0.000421     0.25226   0.94783       0.059148     2.599862 4.575137e-01
       1.1428    0.001503     0.24265   0.93638       0.107400     8.979975 2.955831e-02
       1.2022    0.000735     0.26797   0.94544       0.066259     2.429962 4.880816e-01
       1.0551    0.000440     0.25044   0.93641       0.055935     2.467016 4.812815e-01
       1.1832    0.000239     0.22855   0.94687       0.047106     3.566533 3.122350e-01
       1.1208    0.001234     0.27473   0.93625       0.108090     5.139403 1.618694e-01
       1.1647    0.000382     0.29415   0.94064       0.051625     1.595142 6.604918e-01
       1.1928    0.000460     0.30567   0.93428       0.057408     1.399315 7.056954e-01
       1.1629    0.000148     0.24078   0.94275       0.028432     3.418515 3.314853e-01
       9.4912    0.000052     0.91397   0.84991       0.012512     7.726135 5.202408e-02
      11.0060    0.000039     0.92239   0.86962       0.011176    11.211536 1.063532e-02
      12.0090    0.000045     0.94529   0.67005       0.010215    21.412142 8.643789e-05
       9.7351    0.000044     0.90444   0.93346       0.016599     8.085185 4.428362e-02
      12.5480    0.000029     0.92397   0.93876       0.010116    15.695332 1.309295e-03
      10.9130    0.000036     0.93836   0.70085       0.010649    15.519464 1.422477e-03
       9.6915    0.000044     0.91233   0.88256       0.013721     7.917799 4.774146e-02
       8.9910    0.000035     0.92789   0.68687       0.013268    10.446884 1.512558e-02
       9.1366    0.000007     0.92503   0.69234       0.005407    10.827307 1.269730e-02
      10.1200    0.000015     0.92461   0.80662       0.008290     9.789528 2.044262e-02
       9.1985    0.000055     0.91119   0.83750       0.016168     7.169269 6.669389e-02
       2.0735    0.000276     0.52269   0.98686       0.041404     1.251131 7.407689e-01
       2.1094    0.000161     0.52863   0.98360       0.026902     1.764993 6.225823e-01
       2.0398    0.000459     0.51338   0.98831       0.052681     1.101575 7.766939e-01
       2.3455    0.000210     0.57721   0.98504       0.022443     2.801684 4.232228e-01
       2.2029    0.000204     0.54993   0.98635       0.039469     1.590214 6.616109e-01
       2.1470    0.000323     0.54028   0.98989       0.044894     1.424002 6.999184e-01
       2.2398    0.000179     0.55754   0.97997       0.025658     2.078308 5.563136e-01
       2.2553    0.000163     0.56472   0.98284       0.022251     2.477040 4.794547e-01
       1.8445    0.000300     0.46807   0.98691       0.034814     1.181655 7.574075e-01
       1.9935    0.000069     0.50107   0.98449       0.015559     2.248034 5.225493e-01
       1.6815    0.000071     0.41383   0.97686       0.016538     1.828356 6.087838e-01
       1.4947    0.000669     0.34694   0.97906       0.067277     1.088089 7.799501e-01
       1.3891    0.002008     0.29569   0.97439       0.136300    15.741878 1.280866e-03
       1.7056    0.000653     0.42041   0.98477       0.064127     0.874480 8.315817e-01
       1.6662    0.000121     0.40650   0.97627       0.020477     1.585775 6.626195e-01
       1.4542    0.000772     0.32457   0.98263       0.079016     1.619488 6.549791e-01
       1.8698    0.000967     0.47287   0.97829       0.067890     3.480369 3.233171e-01
       1.4399    0.001014     0.32986   0.98318       0.083675     2.825432 4.193305e-01
       1.5301    0.000361     0.35707   0.97994       0.040677     1.019826 7.964547e-01
       1.5145    0.000848     0.34921   0.98686       0.081485     1.691117 6.389105e-01
       1.4026    0.001391     0.30387   0.97990       0.105670     6.301499 9.782834e-02
       1.5690    0.001837     0.37089   0.97599       0.119970    13.161628 4.299799e-03
      10.3520    0.000069     0.90609   0.90652       0.023523     9.324199 2.527704e-02
       9.9653    0.000050     0.90578   0.91515       0.020381     8.423760 3.801951e-02
      11.3610    0.000046     0.91400   0.91815       0.020667    12.020713 7.312541e-03
      16.8320    0.000018     0.94116   0.85531       0.012341    39.876492 1.131713e-08
      15.0680    0.000044     0.93667   0.88070       0.011686    27.931237 3.754764e-06
      10.3770    0.000170     0.90564   0.92135       0.020400     9.446413 2.390832e-02
      10.7360    0.000131     0.90851   0.92586       0.017761    10.295215 1.621641e-02
      10.4210    0.000096     0.90385   0.96551       0.021258     9.743258 2.087947e-02
      10.6300    0.000064     0.90598   0.88866       0.014782    10.075450 1.793555e-02
      10.0070    0.000072     0.90328   0.91594       0.017258     8.517105 3.645040e-02
      19.0380    0.000013     0.94834   0.85100       0.007817    56.432641 3.396394e-12
       2.5488    0.001097     0.61060   0.97388       0.101320     4.755080 1.906353e-01
       2.4580    0.000966     0.59770   0.98610       0.089020     3.884550 2.742035e-01
       2.5820    0.000699     0.62394   0.96837       0.079387     2.524000 4.709694e-01
       2.6498    0.000640     0.62919   0.98493       0.082187     3.013181 3.895974e-01
       2.6711    0.001421     0.63330   0.98228       0.103680     9.602577 2.226478e-02
       2.4203    0.001179     0.59323   0.98407       0.101020     5.502588 1.384839e-01
       3.0198    0.000723     0.67312   0.98733       0.076290     3.879519 2.747712e-01
       2.3875    0.000841     0.58100   0.98796       0.073040     3.176759 3.651671e-01
       2.6504    0.001415     0.63359   0.96002       0.101210     9.225286 2.644080e-02
       2.8030    0.001330     0.65133   0.97600       0.098946     8.642178 3.444678e-02
       2.8114    0.000189     0.64707   0.94843       0.041345     1.841292 6.059908e-01
       1.1025    0.000247     0.73351   0.72022       0.059213     4.858257 1.824754e-01
       1.1349    0.000581     0.81159   0.65915       0.098618     9.558048 2.272178e-02
       1.0456    0.000347     0.77124   0.74413       0.074488     6.217331 1.015023e-01
       1.0558    0.001432     0.77733   0.73454       0.103950    14.526247 2.269705e-03
       1.1866    0.000594     0.78745   0.73496       0.092770     7.143759 6.745412e-02
       1.1417    0.000820     0.81725   0.68511       0.114880    10.473848 1.493935e-02
       1.0849    0.001515     0.75319   0.72152       0.141220    13.720805 3.310902e-03
       1.0329    0.000453     0.78147   0.70737       0.097663     8.831505 3.161706e-02
       1.1427    0.000265     0.71532   0.66101       0.050389     5.401367 1.446584e-01
       1.0901    0.000329     0.85409   0.53598       0.082007    13.868313 3.089993e-03